validation
(1, 1, 3) 90/4774.jpeg
(1, 1, 3) 51/6318.jpeg
(1, 1, 3) 37/2782.jpeg
(1, 1, 3) 109/4299.jpeg
(1, 1, 3) 25/3630.jpeg
(1, 1, 3) 119/513.jpeg
(1, 1, 3) 34/3599.jpeg
(1, 1, 3) 127/2515.jpeg


test
(1, 1, 3) 8555.jpg
(3, 3, 3) 4277.jpg
(1, 1, 3) 6619.jpg
(1, 1, 3) 722.jpg
(1, 1, 3) 1045.jpg
(1, 1, 3) 9918.jpg
(1, 1, 3) 485.jpg
(1, 1, 3) 8598.jpg
(1, 1, 3) 9769.jpg

train
(1, 1, 3) 97/35532.jpeg
(1, 1, 3) 90/80328.jpeg
(1, 1, 3) 90/80315.jpeg
(1, 1, 3) 90/80248.jpeg
(1, 1, 3) 90/80288.jpeg
(1, 1, 3) 90/81036.jpeg
(1, 1, 3) 90/81034.jpeg
(1, 1, 3) 90/80027.jpeg
(1, 1, 3) 90/80138.jpeg
(1, 1, 3) 90/80727.jpeg
(1, 1, 3) 90/80655.jpeg
(1, 1, 3) 90/79968.jpeg
(1, 1, 3) 90/80395.jpeg
(1, 1, 3) 90/80428.jpeg
(1, 1, 3) 90/81162.jpeg
(1, 1, 3) 90/79951.jpeg
(1, 1, 3) 90/80191.jpeg
(1, 1, 3) 90/81022.jpeg
(1, 1, 3) 90/81075.jpeg
(1, 1, 3) 90/81151.jpeg
(1, 1, 3) 90/80130.jpeg
(1, 1, 3) 106/32712.jpeg
(1, 1, 3) 121/76995.jpeg
(1, 1, 3) 121/77211.jpeg
(1, 1, 3) 121/77350.jpeg
(1, 1, 3) 121/77004.jpeg
(1, 1, 3) 121/77155.jpeg
(1, 1, 3) 73/52429.jpeg
(1, 1, 3) 73/52403.jpeg
(1, 1, 3) 51/139100.jpeg
(1, 1, 3) 2/92203.jpeg
(3, 3, 3) 69/172799.jpeg
(1, 1, 3) 15/5650.jpeg
(1, 1, 3) 15/5480.jpeg
(1, 1, 3) 15/5247.jpeg
(1, 1, 3) 126/61329.jpeg
(3, 3, 3) 126/60481.jpeg
(1, 1, 3) 31/51045.jpeg
(1, 1, 3) 31/51214.jpeg
(1, 1, 3) 31/51620.jpeg
(1, 1, 3) 31/50929.jpeg
(1, 1, 3) 31/50544.jpeg
(1, 1, 3) 31/50861.jpeg
(1, 1, 3) 58/168234.jpeg
(1, 1, 3) 110/21893.jpeg
(1, 1, 3) 46/165862.jpeg
(1, 1, 3) 46/166848.jpeg
(1, 1, 3) 104/2497.jpeg
(1, 1, 3) 104/1861.jpeg
(1, 1, 3) 104/3577.jpeg
(1, 1, 3) 104/2342.jpeg
(1, 1, 3) 104/2943.jpeg
(1, 1, 3) 104/2461.jpeg
(1, 1, 3) 104/2420.jpeg
(1, 1, 3) 104/2141.jpeg
(1, 1, 3) 104/2158.jpeg
(1, 1, 3) 104/3422.jpeg
(1, 1, 3) 5/1340.jpeg
(1, 1, 3) 64/17733.jpeg
(1, 1, 3) 115/79234.jpeg
(1, 1, 3) 115/78671.jpeg
(1, 1, 3) 115/79114.jpeg
(1, 1, 3) 115/79031.jpeg
(1, 1, 3) 115/78773.jpeg
(1, 1, 3) 114/66241.jpeg
(1, 1, 3) 114/66018.jpeg
(1, 1, 3) 71/167223.jpeg
(1, 1, 3) 71/167157.jpeg
(1, 1, 3) 37/16228.jpeg
(1, 1, 3) 37/15992.jpeg
(1, 1, 3) 37/15599.jpeg
(1, 1, 3) 37/17247.jpeg
(1, 1, 3) 29/74020.jpeg
(1, 1, 3) 29/73854.jpeg
(1, 1, 3) 29/73884.jpeg
(1, 1, 3) 76/183954.jpeg
(1, 1, 3) 26/103868.jpeg
(1, 1, 3) 8/102300.jpeg
(1, 1, 3) 8/101483.jpeg
(1, 1, 3) 8/101808.jpeg
(1, 1, 3) 120/7679.jpeg
(1, 1, 3) 18/130527.jpeg
(1, 1, 3) 3/55189.jpeg
(1, 1, 3) 39/37872.jpeg
(3, 3, 3) 17/181960.jpeg
(1, 1, 3) 17/182235.jpeg
(1, 1, 3) 49/163571.jpeg
(1, 1, 3) 49/163098.jpeg
(1, 1, 3) 62/38981.jpeg
(1, 1, 3) 62/39124.jpeg
(1, 1, 3) 62/38554.jpeg
(1, 1, 3) 62/38552.jpeg
(1, 1, 3) 85/116282.jpeg
(1, 1, 3) 85/116405.jpeg
(1, 1, 3) 85/116784.jpeg
(1, 1, 3) 66/192017.jpeg
(1, 1, 3) 66/192004.jpeg
(1, 1, 3) 13/36729.jpeg
(1, 1, 3) 79/27146.jpeg
(1, 1, 3) 59/22331.jpeg
(1, 1, 3) 111/180524.jpeg
(1, 1, 3) 111/179388.jpeg
(1, 1, 3) 63/170741.jpeg
(1, 1, 3) 25/79575.jpeg
(1, 1, 3) 25/79699.jpeg
(3, 3, 3) 36/130881.jpeg
(1, 1, 3) 50/46380.jpeg
(1, 1, 3) 95/135958.jpeg
(1, 1, 3) 95/136454.jpeg
(1, 1, 3) 95/136501.jpeg
(1, 1, 3) 88/182666.jpeg
(1, 1, 3) 47/159825.jpeg
(1, 1, 3) 47/159708.jpeg
(1, 1, 3) 47/159768.jpeg
(1, 1, 3) 47/159806.jpeg
(3, 3, 3) 116/187104.jpeg
(1, 1, 3) 6/113528.jpeg
(1, 1, 3) 41/87933.jpeg
(1, 1, 3) 92/105134.jpeg
(1, 1, 3) 92/104345.jpeg
(1, 1, 3) 42/175147.jpeg
(1, 1, 3) 24/34098.jpeg
(1, 1, 3) 55/48024.jpeg
(1, 1, 3) 75/159352.jpeg
(1, 1, 3) 43/177775.jpeg
(1, 1, 3) 119/107994.jpeg
(1, 1, 3) 119/108897.jpeg
(1, 1, 3) 119/108420.jpeg
(1, 1, 3) 119/108661.jpeg
(1, 1, 3) 107/65245.jpeg
(3, 3, 3) 107/64809.jpeg
(3, 3, 3) 80/69134.jpeg
(3, 3, 3) 80/69007.jpeg
(1, 1, 3) 70/100657.jpeg
(1, 1, 3) 103/142578.jpeg
(1, 1, 3) 125/155558.jpeg
(1, 1, 3) 125/156151.jpeg
(1, 1, 3) 28/20410.jpeg
(1, 1, 3) 28/20804.jpeg
(3, 3, 3) 45/120096.jpeg
(1, 1, 3) 117/24216.jpeg
(1, 1, 3) 61/146836.jpeg
(1, 1, 3) 105/46051.jpeg
(1, 1, 3) 105/45384.jpeg
(1, 1, 3) 105/46109.jpeg
(1, 1, 3) 105/45307.jpeg
(1, 1, 3) 105/45978.jpeg
(1, 1, 3) 105/46063.jpeg
(1, 1, 3) 34/139973.jpeg
(1, 1, 3) 34/139929.jpeg
(1, 1, 3) 34/140074.jpeg
(1, 1, 3) 34/140057.jpeg
(1, 1, 3) 34/140303.jpeg
(1, 1, 3) 34/140237.jpeg
(1, 1, 3) 34/140184.jpeg
(1, 1, 3) 34/140466.jpeg
(1, 1, 3) 34/140458.jpeg
(1, 1, 3) 34/140429.jpeg
(1, 1, 3) 34/140279.jpeg
(1, 1, 3) 34/140450.jpeg
(1, 1, 3) 34/139989.jpeg
(1, 1, 3) 34/139896.jpeg
(1, 1, 3) 98/66959.jpeg
(3, 3, 3) 128/190932.jpeg
(1, 1, 3) 127/32000.jpeg
(1, 1, 3) 127/31591.jpeg
(1, 1, 3) 56/144428.jpeg
(3, 3, 3) 56/143296.jpeg
(1, 1, 3) 56/143065.jpeg
(1, 1, 3) 122/39792.jpeg
(1, 1, 3) 122/41046.jpeg

